uint32_t sin[60]={512, 565, 618, 670, 720, 768, 812, 854, 892, 926 ,955, 979, 998
		,1012, 1021, 1023, 1021, 1012, 998, 979, 955, 926, 892, 854, 812, 768, 720
		,670, 618, 565, 512, 459, 406, 354, 304, 256, 212, 170, 132,98 , 69, 45, 26
		,12, 3, 0, 3,12, 26, 45, 69, 98, 132, 170, 212, 256, 304, 354, 406, 459};
la senoidal desplazada 6 lugares para guardar directamente en el dac
uint32_t sin[60]={32768, 36160, 39552, 42880, 46080, 49152, 51968, 54656, 57088, 59264
, 61120, 62656, 63872, 64768, 65344, 65472, 65344, 64768, 63872, 62656, 61120, 59264
, 57088, 54656, 51968, 49152, 46080, 42880, 39552, 36160, 32768, 29376, 25984, 22656
, 19456, 16384, 13568, 10880, 8448, 6272, 4416, 2880, 1664, 768, 192, 0, 192, 768, 1664
, 2880, 4416, 6272, 8448, 10880, 13568, 16384, 19456, 22656, 25984, 29376 }
